Ncl     x     y     v  Tpeak  FWHMx  FWHMy    R    FWHMv  Sum(T)  Npix
1   477   224   631   3.58   6.84   6.60   7.92  12.68 2371.11  3338    
2   257   108   591   3.55   7.55   7.02   8.02   8.86 2249.01  2753    
3   478   221   632   3.51   6.91   6.26   8.00  12.46 2465.62  3177    
4   260   111   580   3.35  10.55  10.87  12.89   8.13 4170.72  6943    
5   475   262   543   3.30   8.02   8.73   8.50   6.23 2038.34  3103    
6   259   110   587   3.27   7.65   8.57   8.87   4.69 1379.40   972    
7   184    82   600   3.22   9.73   8.64   9.62   8.75 3445.50  5842    
8   358   298   543   3.22  10.98  13.71  14.35  12.56 8370.50  ****    
9   172    75   597   2.98  17.45   7.97  11.62   9.46 4267.32  8300    
10   383   294   553   2.82   9.32   7.31   8.87  11.64 3247.26  4403    
11   428    45   395   2.81   8.97   2.44   4.22   9.28  794.23  1326    
12   205   337   549   2.79   7.72   8.73   9.03   8.08 2176.35  4016    
13   396   321   558   2.68   9.95  10.36  11.18  10.53 3927.21  7194    
14   110   352   681   2.62   7.58  11.87   8.46  15.89 3304.09  7956    
15   390   285   546   2.53   7.57   9.29  11.07   9.88 2670.02  3612    
16   406   245   651   2.46   6.64   6.08   6.13   9.61 1414.83  2742    
17   384   284   549   2.45   7.59   8.45   9.72  10.45 2258.44  3393    
18   100    98   588   2.42  11.67   8.31  10.39  12.84 2910.25  8287    
19   593   219   626   2.36   6.18   5.33   5.14   7.57  829.33  1526
20   401   290   555   2.35  11.24   8.93  11.74  12.59 4133.56  7072    
21   201   275   629   2.33   7.96   5.77   6.48  10.58 1614.05  3290    
22   255   115   592   2.27   6.76   7.04   8.96  10.55 1439.56  2931    
23   210   268   673   2.25   4.79   6.15   5.08  14.25 1534.95  2255    
24   246   115   589   2.24  10.08   8.97   9.98  11.44 3569.53  6095    
25   274    86   595   2.23   7.85  13.38   9.64   7.64 2487.55  5183    
26   293   168   525   2.19   8.12   8.16   8.10   6.57 1257.36  2917    
27   545   294   560   2.18   8.04   8.32   7.72   6.62 1287.54  3047    
28   510   248   644   2.15   5.26   5.68   5.56  11.55 1195.64  2231    
29   482   206   645   2.14   5.56  11.01   8.72   9.93 1403.15  3625    
30   109   468   588   2.14   7.47   6.92   7.20  12.55 1769.54  3705    
31   462   254   539   2.11  11.83   4.78   6.93   6.42 1179.04  2014    
32   329    54   384   2.08   5.20   6.46   5.56   6.34  618.91  1348    
33   435   150   550   2.08   7.56   5.07   7.33  10.19 1116.99  1813    
34   368   275   549   2.03  10.76  11.76  11.01  11.01 3180.25  6321    
35   376   284   553   2.01  10.84   9.16  10.39  10.39 2363.55  4833    
36   433   155   553   2.00   7.06   6.22   7.69   9.75 1004.95  1800    
37   320   366   659   1.93  14.65  10.40  10.93   9.30 2660.84  6681    
38   436   145   548   1.92   6.20   6.80   7.00   9.32 1046.69  2335    
39   271   109   586   1.84   7.26   9.76   8.76   8.78 1529.29  3123    
40   430   159   556   1.83   5.96   6.45   7.80   8.70  757.78  1564    
41   507   355   601   1.81   5.19   2.39   3.34   8.24  321.17   724    
42   329    64   387   1.80   5.81   5.21   5.38   5.01  443.36   993    
43   507   352   601   1.79   5.19   3.17   3.83   8.17  409.44   907    
44   327   245   648   1.78   7.33   5.93   6.05   5.68  638.04  1521    
45   235   263   662   1.70   6.20   6.77   7.14  11.97 1311.14  2788    
46   574   177   539   1.67   7.60   8.39   7.05   7.45 1059.30  2523    
47   597   345   541   1.67   2.96   4.29   2.46   4.36   85.28   214
48   213   333   546   1.65   7.03   7.86   7.59   7.22  950.26  2364    
49   459   253   687   1.61   4.17   5.43   3.99   5.83  281.72   562    
50   427   163   559   1.60   6.32   5.42   6.43   8.25  650.47  1479    
51   230    96   468   1.56   8.67   5.00   5.89   6.17  569.52  1594    
52   267   108   589   1.56   5.98   8.97   8.76   8.83 1052.15  2464    
53   340   246   651   1.53  17.66   5.13   8.50   6.36 1171.89  2943    
54   281    99   589   1.50   8.73   7.18   8.08   8.56  995.11  3200    
55   112   409   567   1.49   6.46   7.89   7.14   8.61  924.97  2532    
56   408    69   510   1.47   7.87   4.64   5.44   6.64  539.23  1466    
57    13   293   564   1.46   7.63   5.21   5.61   4.61  399.13  1125    
58    67   238   660   1.39   7.39   5.56   6.65  10.33  863.91  2955    
59   231   269   658   1.39   4.98   7.51   6.43  10.80  716.58  1978    
60   379   323   560   1.37   8.58   7.53   7.63   9.04 1173.88  3294    
61   349   376   658   1.36   6.45   6.21   5.53   6.36  506.39  1510    
62    90   288   654   1.35   8.21   6.78   8.10   9.21  892.66  2874    
63   417   150   524   1.31   3.52   5.87   3.99   4.88  198.56   553    
64   168   337   655   1.29   6.42   4.45   5.38   8.79  513.40  1462    
65    43   262   377   1.29   3.94   3.14   2.71   6.61  145.40   382    
66   337   242   649   1.28   6.04   4.42   5.50   5.80  336.13   805    
67   364   369   660   1.27   6.98   5.97   5.86   7.23  609.40  1810    
68   463   262   540   1.27   9.38   5.51   6.15   5.99  496.08  1253    
69   286   162   527   1.26   9.57   5.62   6.82   4.81  510.26  1491    
70   390   337   554   1.26   7.02   7.53   7.63   6.26  626.99  1667    
71   392   337   553   1.26   5.73   6.97   6.68   5.99  399.54  1211    
72    44   485   635   1.26   7.65   4.57   4.98   8.25  544.12  1551    
73   491   197   640   1.25   5.48   4.97   5.11   6.50  374.37   982    
74   326   165   523   1.24   5.42   2.63   3.09   4.13  133.13   317    
75   424   246   375   1.24   5.65   5.16   5.05   9.64  504.76  1305    
76   438   147   587   1.22   0.00   -NaN   0.56   6.72    8.80    18    
77   539   220   382   1.22   5.95   4.65   4.30   9.40  489.22  1364    
78   115   238   654   1.21   6.80   5.60   5.86   9.89  683.81  2551    
79   505   177   538   1.21   4.36   3.64   3.57   6.38  223.18   630    
80   127   392   694   1.20   5.14   3.76   4.72  10.53  415.22  1182    
81    44   114   637   1.20  10.99   6.93   7.98   9.94 1101.08  4442    
82   248    46   597   1.20   5.74   9.95   6.28  11.02  964.63  2986    
83   157   344   649   1.19   5.93   3.56   4.82   6.70  285.01   867    
84   269   155   530   1.13   8.58   6.66   6.65   5.53  506.79  1692    
85   399   230   324   1.13   4.90   4.05   4.65   8.60  278.07   788    
86   554   322   518   1.13   4.91   3.19   3.57   6.62  203.81   645    
87   388   369   660   1.12   6.38   4.95   4.82   7.42  400.45  1302    
88   386   308   558   1.12   8.45   8.57   8.33   8.90  746.98  2186    
89    82   294   669   1.12   4.50   7.93   6.65  13.83  947.28  2719    
90   313    83   391   1.12   4.89   4.80   3.74   5.98  190.95   605    
91   135   357   686   1.12   4.47   5.13   4.44  13.36  619.97  1931    
92   400   226   326   1.12   5.40   4.36   5.17   7.47  318.54   718    
93   363   323   547   1.12  10.79  11.39   7.92   6.90  535.05  1961    
94   239    52   521   1.11   5.83   6.41   5.35   4.00  283.49   810    
95   190   269   636   1.11   0.97   1.93   1.13   9.99   40.57   100    
96   551   196   377   1.10   4.47   5.97   4.26   7.54  370.45  1062    
97   338   175   522   1.09   4.29   4.55   3.95   6.23  234.56   684    
98   153   345   648   1.09   4.92   4.50   4.65   6.41  249.22   805    
99   469   236   638   1.09   7.36   6.55   6.63   6.25  374.39  1157    
100   597   417   643   1.09   1.55   5.09   2.39   5.40   89.53   240
101   211   325   545   1.09   7.80   7.35   6.89   6.45  532.37  1789    
102    96   126   584   1.08   6.93   5.59   5.75   8.39  466.30  2066    
103   332   169   523   1.08   4.31   4.71   3.24   5.06  141.23   383    
104   488   224   684   1.07   3.28   3.79   2.93   4.85  112.02   326    
105   384   313   560   1.07   8.01   5.51   6.98   8.26  613.05  1959    
106    87   281   659   1.07   7.70   6.43   7.00   8.91  751.67  2073    
107   107   414   562   1.06   5.33   6.02   6.05   6.91  346.97  1159    
108   457   250   689   1.06   3.58   3.37   3.39   4.71   93.50   255    
109   394   279   541   1.05  10.52   8.59  11.34  12.44  930.62  3784    
110   182   268   633   1.04   1.17   1.63   1.13   8.14   34.70    84    
111    73   297   624   1.04   3.92   4.36   3.74   5.50  180.75   589    
112   484   137   543   1.04   3.19   2.73   2.46   5.82   99.42   267    
113   358   376   620   1.03   4.61   6.97   4.58   8.88  402.16  1396    
114   376   332   560   1.03   7.68   6.90   6.58   6.49  506.73  1670    
115   399   222   329   1.02   4.50   4.17   4.65   6.77  170.50   612    
116   579   215   621   1.02   3.62   3.78   2.93   6.81  163.45   466    
117   298   260   653   1.02   5.41   5.22   4.82   6.60  302.48  1031    
118    74   303   415   1.02   4.99   4.14   4.15   5.18  189.07   584    
119   185   268   633   1.02   1.18   0.00   0.80   9.43   20.48    50    
120   212   208   528   1.01   6.76   4.18   4.82   5.63  270.84   947    
121   143   285   396   1.01   4.54   3.90   3.74   8.02  247.03   857    
122   421   135   525   1.01   5.02   4.33   3.95   6.55  212.46   672    
123   458   277   688   1.00   4.98   4.84   4.62   9.31  398.62  1202    
124   370    61   392   0.99   3.78   3.76   3.29   5.90  168.00   496    
125   385    46   532   0.98   2.89   2.63   2.19   3.83   54.21   146    
126   463   277   690   0.96   0.00   1.84   0.98   9.67   23.70    73    
127   348   226   566   0.95   3.78   4.18   3.34   4.75  130.08   405    
128   362   376   659   0.94   3.79   3.72   3.43   7.47  139.94   457    
129    90   114   636   0.94   5.40   6.58   6.38   9.68  453.36  1976    
130   114   278   401   0.94   6.47   5.81   5.08   9.63  481.64  1699    
131   381   185   672   0.94   2.39   4.66   2.52   4.58   69.79   225    
132   527   443   320   0.93   4.39   5.69   3.99   6.92  210.60   713    
133   347   392   664   0.93   5.35   5.80   4.72   6.75  328.94  1151    
134   257    48   522   0.93   5.97   2.53   3.14   4.72  101.89   346    
135   520   365   600   0.92   3.72   3.59   2.82   4.99   86.33   297    
136   414   170   563   0.92   -NaN   1.18   0.80   4.32    8.39    22    
137   420   140   526   0.92   3.29   5.05   3.43   6.03  140.44   441    
138   324   164   486   0.92   1.18   -NaN   0.80   2.79    5.48    14    
139   446   261   684   0.91   1.02   1.83   0.98   5.56   11.53    39    
140   217   199   526   0.91   8.74   3.54   4.92   4.18  205.70   754    
141   336    65   402   0.90   4.37   2.74   2.88   4.20   79.02   266    
142   458   241   636   0.90   1.69   1.79   1.38   3.94   21.16    60    
143   124   334   414   0.90   4.08   3.62   3.43   5.21  138.63   469    
144   559   177   538   0.89   6.19   4.89   3.99   5.90  173.60   578    
145   510   258   647   0.89   3.10   4.48   3.95   8.71  123.66   448    
146   441   143   586   0.89   0.00   -NaN   0.56   4.62    4.47    12    
147   486   258   695   0.88   2.49   2.92   2.26   5.57   72.91   219    
148   403   260   653   0.88   4.94   5.00   4.11   8.28  280.47   992    
149   412   170   563   0.87   -NaN   0.00   0.56   4.02    3.82    10    
150   444   258   686   0.87   1.10   1.09   0.98   3.60    9.83    27    
151   465   384   596   0.86   3.16   4.24   2.76   6.24  103.96   365    
152   519   449   326   0.85  12.49   6.39   5.61  12.09  538.48  1934    
153   358   349   646   0.85   2.27   4.16   2.52   5.24   44.82   165    
154   300   386   657   0.85   4.21   4.18   3.91   6.20  183.31   644    
155   501   123   658   0.84   1.16   1.06   0.98   3.76    9.51    27    
156   596   341   541   0.84   1.14   0.93   0.98   3.69    8.39    25
157   182   265   632   0.83   0.00   0.00   0.56   7.27    6.57    18    
158    78   293   407   0.82   3.14   3.68   3.66   9.46  149.68   392    
159   424   254   384   0.82   5.41   5.56   6.13   4.46  164.63   630    
160   170   278   676   0.82   4.61   6.64   4.82   9.67  382.18  1322    
161   375   301   556   0.82  13.71   8.95  10.79  11.06  858.33  3441    
162   168   273   679   0.82   3.79   3.86   4.30   7.81  110.51   475    
163   214   271   672   0.80   0.00   0.00   0.56   2.70    2.54     7    
164   415   166   563   0.80   0.00   -NaN   0.56   2.30    1.99     6    
165   563   253   652   0.80   -NaN   0.00   0.56   4.20    3.64    11    
166   205   268   689   0.79   4.74   6.54   5.08   7.71  119.47   821    
167   509   255   646   0.79   5.13   5.08   5.14  12.22  212.58   744    
168   423   253   379   0.78   6.39   4.78   5.20   3.44  145.30   277    
169   239   252   660   0.78   6.27   6.66   6.00   8.79  409.47  1618    
170   427   256   388   0.78   4.20   5.51   4.37   7.59  183.13   700    
171    77   299   414   0.78   4.71   6.68   4.37   6.06  134.61   523    
172   245    51   521   0.78   3.30   3.87   2.82   4.43   69.11   235    
173   122   245   555   0.77   6.77   4.63   4.65   4.61  180.78   736    
174   581   308   525   0.77   1.75   1.16   1.26   3.42   12.48    41    
175   350   337   541   0.77   6.28   5.18   4.37   7.46  249.12   985    
176   423   254   377   0.77   6.26   3.50   4.44   5.36   96.38   469    
177   569   196   536   0.77   1.76   1.79   1.49   5.34   26.68    89    
178   596   224   625   0.77   2.74   3.31   3.04   6.74   72.07   269
179   248    50   521   0.77   1.58   1.58   1.38   3.40   15.20    52    
180   170   334   655   0.76   6.08   4.82   3.87   7.45  192.73   718    
181   176   321   644   0.76   4.07   5.44   4.11   6.38  183.33   792    
182   567   252   652   0.76   -NaN   -NaN   0.56   5.53    4.57    14    
183   461   273   690   0.76   2.83   4.84   3.66   8.76  107.06   414    
184   203   325   547   0.76   6.18   6.55   6.13   8.20  410.14  1521    
185   447   258   536   0.76   0.00   1.17   0.80   5.79    8.65    29    
186   548   189   534   0.75   3.80   2.70   2.19   4.02   43.74   145    
187   322   256   370   0.75   3.67   3.10   2.46   7.49   96.94   335    
188   352   342   550   0.74   2.53   2.69   2.26   3.35   34.82   130    
189   336    88   391   0.73   1.16   2.24   1.26   3.46   11.28    39    
190   554   206   374   0.73   1.02   1.15   0.98   7.45   16.42    52    
191   271   373   648   0.73   4.16   2.67   2.88   5.71   78.98   353    
192   571   197   535   0.72   1.00   1.16   0.98   6.03   12.60    42    
193   327    93   392   0.72   1.11   1.11   0.98   3.48    7.38    25    
194   350   250   372   0.72   0.00   0.00   0.56   5.49    4.25    14    
195   569   200   535   0.72   1.95   0.00   0.98   6.21   13.80    46    
196    82   372   404   0.71   3.88   5.47   3.74   5.36  122.91   531    
197   292   362   650   0.71   4.54   5.80   4.69   6.84  163.45   791    
198   575   189   534   0.71   1.15   1.16   1.13   5.47   12.92    44    
199   505   239   641   0.71   1.93   0.00   0.98   7.28   15.99    55    
200    71   293   403   0.71   6.00   2.33   3.87   5.71   59.34   355    
201   141   312   640   0.71   3.06   3.21   2.52   6.20   70.72   294    
202   190   273   637   0.71   1.89   1.01   1.13  13.59   38.11   131    
203   131   371   690   0.71   3.74   4.59   3.57   9.96  185.17   867    
204   409   231   647   0.71   0.99   1.66   1.13   8.29   23.38    83    
205   444   300   688   0.70   5.65   4.17   3.61   5.53  141.49   546    
206   550   194   476   0.70   0.00   -NaN   0.56   2.57    1.93     7    
207   463   249   538   0.70   0.00   -NaN   0.56   6.13    4.62    15    
208   412   278   540   0.69   9.52  12.30   7.55   7.31  267.94  1594    
209   332    93   390   0.69   -NaN   0.00   0.56   4.90    3.70    12    
210   449   289   690   0.69   6.91   4.51   3.83   8.51  207.78   879    
211   372   179   559   0.69   0.00   -NaN   0.56   3.44    2.67     8    
212   382   179   672   0.69   0.00   -NaN   0.56   3.24    2.45     8    
213   502   240   642   0.68   1.17   1.17   0.80   7.43   10.62    36    
214   426   250   337   0.68   -NaN   -NaN   0.56   9.42    6.96    24    
215   505   242   640   0.68   1.89   0.00   0.98   6.75   14.34    50    
216   447   259   686   0.68   0.00   0.00   0.56   5.94    4.35    15    
217   505   245   644   0.68   0.00   -NaN   0.56   8.47    6.21    21    
218   346   250   372   0.67   1.18   0.00   0.80   4.59    6.66    23    
219   546   185   536   0.67   1.16   1.16   0.80   3.77    5.24    18    
220   164   140   664   0.67   3.42   4.79   3.34   5.17  101.77   426    
221   536   304   524   0.67   2.31   2.85   1.95   7.73   55.38   210    
222   363   183   559   0.67   1.18   -NaN   0.80   6.01    8.64    30    
223   503   239   542   0.66   -NaN   -NaN   0.56   2.45    1.91     6    
224   240    40   597   0.66   3.84   2.57   2.46  10.16  119.37   463    
225   567   186   539   0.66   1.15   1.10   0.98   6.19   12.95    46    
226   363   180   559   0.66   0.00   1.18   0.80   6.39    8.96    32    
227   392   188   560   0.66   -NaN   0.00   0.56   3.19    2.36     8    
228   133   391   682   0.66   7.23   3.45   4.62   9.58  182.97   824    
229   222   274   667   0.66   -NaN   0.00   0.56   6.80    4.81    17    
230   325   255   330   0.65   -NaN   0.00   0.56   3.78    2.77    10    
231   503   317   614   0.65   1.79   2.09   1.60   4.92   25.55    96    
232   390   188   559   0.65   -NaN   -NaN   0.56   2.40    1.86     6    
233   580   218   620   0.65   0.00   0.00   0.56   5.54    3.97    14    
234   351   252   372   0.65   -NaN   -NaN   0.56   4.65    3.27    12    
235     1   267   640   0.65   1.16   2.76   1.49   6.30   28.02   110
236   321   162   523   0.64   2.11   0.00   0.98   3.60    5.89    21    
237   103   373   326   0.64   3.57   2.61   2.26   8.16   71.84   296    
238   368   244   648   0.64   1.12   1.16   0.98   3.61    5.56    19    
239   583   209   623   0.64   0.00   -NaN   0.56   2.28    1.63     6    
240   398    69   509   0.64   1.18   1.18   1.13   5.54   13.81    54    
241    20   410   565   0.64   2.62   4.20   2.52   6.58   74.04   309    
242   218   272   671   0.64   1.17   -NaN   0.80   8.91   11.81    44    
243   513   375   513   0.64   -NaN   1.17   0.80   4.60    6.02    23    
244   328   197   566   0.64   -NaN   -NaN   0.56   2.64    1.85     7    
245   467   379   653   0.63   -NaN   0.00   0.56   4.07    2.85    10    
246   338   183   648   0.63   0.00   -NaN   0.56   5.56    3.81    14    
247   536   375   606   0.63   2.36   2.09   1.49   4.94   20.04    80    
248   348   230   567   0.63   -NaN   -NaN   0.56   4.68    3.23    12    
249   518   374   514   0.63   0.00   0.00   0.56   3.10    2.12     7    
250   421   177   559   0.63   0.00   -NaN   0.56   9.15    6.18    23    
251   349   221   566   0.62   0.00   -NaN   0.56   4.04    2.82    10    
252   385   376   661   0.62   0.00   0.00   0.56   4.58    3.14    12    
253   327    91   393   0.62   0.00   0.00   0.56   3.69    2.56     9    
254   460   282   562   0.62   -NaN   1.89   0.98   5.67   10.70    41    
255   359    70   333   0.62   0.00   0.00   0.56   4.87    3.29    12    
256   511   449   331   0.62   0.00   -NaN   0.56   4.48    3.01    11    
257   456   274   651   0.62   1.12   1.11   0.98   2.51    5.15    18    
258   453   284   549   0.62   3.33   2.04   2.19  12.11   98.72   423    
259    89   275   554   0.62   1.80   -NaN   0.98   4.26    7.99    31    
260   255    47   559   0.62   0.00   0.00   0.56   3.87    2.60     9    
261   426   267   543   0.61   3.34   3.65   2.99   4.77   69.52   317    
262   269    57   530   0.61   2.68   3.67   2.71   5.96   69.64   294    
263   265    52   529   0.61   4.05   3.24   2.82   5.52   65.15   288    
264   594   290   632   0.61   0.00   0.00   0.56   3.87    2.57     9    
265   332    87   391   0.61   1.18   1.18   1.13   3.41    8.97    33    
266   364   377   621   0.60   1.12   1.14   0.98   6.15   11.41    45    
267   459   288   687   0.60   0.00   1.18   0.80   8.30   10.62    41    
268   143   422   556   0.60   2.22   3.08   1.78   6.34   32.60   122    
269   301   356   657   0.60   5.69   4.59   4.51   7.04  181.44   865    
270   215   415   618   0.60   -NaN   0.00   0.56   6.42    4.19    16    
271   101   252   554   0.60   3.85   3.41   3.34   5.77   77.39   361    
272    84   119   628   0.60   7.04   6.02   6.72   7.98  276.71  1647    
273    47   481   635   0.60   0.00   0.00   0.56   7.49    4.84    19    
274   490   322   709   0.60   -NaN   0.00   0.56   3.96    2.60    10    
275   456   287   724   0.60   0.00   -NaN   0.56   3.38    2.17     9    
276   324   194   566   0.60   1.18   1.18   0.80   2.19    3.02    10    
277   212   416   619   0.60   1.64   1.92   1.13   7.71   18.46    75    
278   439   309   689   0.59   2.14   2.53   1.87   5.41   28.61   114    
279   424   303   553   0.59   2.91   1.92   1.95   5.22   34.97   146    
280   358   269   552   0.59   7.31  15.25   7.36  14.40  468.15  1948    
281   497   297   539   0.59   1.18   1.18   1.13   9.68   24.36    93    
282    78   285   652   0.59   0.00   0.00   0.56   4.67    3.06    12    
283   160   356   569   0.59   4.12   5.25   3.66   8.22  156.56   761    
284    78   286   415   0.59   3.90   4.17   3.24   7.69   90.09   416    
285    95   353   406   0.59   1.92   1.62   1.49   2.76   12.27    46    
286   396    72   508   0.59   0.00   0.00   0.56   3.19    2.06     8    
287   101    61   657   0.59   5.33   4.60   4.48   8.96  214.75  1153    
288   141   332   584   0.59   0.00   -NaN   0.56   3.63    2.36     9    
289   207   259   677   0.59   0.89   2.54   1.13   9.88   22.52    93    
290   468   385   597   0.59   0.00   -NaN   0.56   4.87    3.14    12    
291   212   419   618   0.58   0.00   -NaN   0.56   6.45    4.08    16    
292   334    91   390   0.58   -NaN   0.00   0.56   3.19    2.03     8    
293    33   315   509   0.58   4.30   2.93   3.04   6.69   72.62   323    
294   502   181   542   0.58   0.00   0.00   0.56   4.31    2.79    10    
295   204   259   681   0.58   1.01   1.97   1.13  11.54   26.16   111    
296   358   379   657   0.58   2.86   2.96   2.52   7.27   34.74   164    
297   140   354   564   0.58   2.38   3.53   1.78   8.02   44.78   191    
298   511   366   515   0.58   0.00   0.00   0.56   9.69    6.05    24    
299   398   304   550   0.58   5.26  12.60   6.86  10.39  211.25  1064    
300   384   357   643   0.58   4.78   1.62   2.19   4.82   40.15   169    
301   138   313   555   0.58   3.02   0.90   1.38   4.33   11.82    53    
302   517   284   535   0.57   0.00   0.00   0.56   3.27    2.15     8    
303   452   394   588   0.57   -NaN   -NaN   0.56   3.38    2.18     8    
304   183   311   551   0.57   6.11   5.36   3.78   6.32  126.21   620    
305   235    64   674   0.57   2.80   2.38   2.19   6.12   49.20   218    
306   439   299   687   0.57   -NaN   0.00   0.56   5.17    3.20    13    
307   451   289   591   0.57   -NaN   0.00   0.56   6.73    4.14    17    
308   458   289   647   0.57   0.00   0.00   0.56   8.22    5.11    20    
309   350   388   625   0.57   1.61   1.89   1.38   7.70   25.79   111    
310   214   418   619   0.57   0.00   1.18   0.80   7.74    9.45    38    
311   353   391   625   0.57   1.52   1.18   0.98   7.20    9.34    39    
312   337   270   566   0.57   3.75   4.18   3.24   9.51  149.28   734    
313    87   443   667   0.57   1.11   1.14   0.98   4.26    6.87    29    
314   452   286   551   0.57   0.00   -NaN   0.56   9.33    5.73    23    
315   455   394   588   0.57   -NaN   -NaN   0.56   4.34    2.67    11    
316   312   359   655   0.56  11.86   8.20   6.38   8.13  136.74   818    
317   144   425   555   0.56   0.00   1.17   0.80   5.12    6.10    25    
318   102   334   416   0.56   2.28   1.39   1.13   5.53   11.69    48    
319   305   369   658   0.56   7.86   5.22   5.01   7.96  205.38  1004    
320   400   258   527   0.56   0.00   1.17   0.80   3.36    3.89    16    
321   242   225   534   0.56   4.11   2.35   2.59   4.34   35.99   174    
322   335    84   392   0.56   1.17   -NaN   0.80   3.60    4.42    18    
323   462   275   651   0.56   -NaN   0.00   0.56   3.10    1.94     8    
324   128   326   561   0.56   2.19   2.35   1.87   4.47   25.75   115    
325   378   309   560   0.56   4.96  11.79   5.84  10.22  157.21   932    
326   274   309   677   0.56   2.47   2.62   1.95   6.69   42.41   193    
327    28   312   512   0.55   3.11   3.43   2.59   6.75   39.72   191    
328   208   315   684   0.55   7.10   4.58   4.69  15.10  327.89  1527    
329    82   380   414   0.55   0.00   0.00   0.56   4.71    2.84    11    
330     4   337   445   0.55   0.00   0.00   0.56   2.48    1.53     6    
331   143   336   653   0.55   1.17   1.17   0.80   5.52    6.25    27    
332   119   403   569   0.55   0.00   -NaN   0.56   6.27    3.76    15    
333   359   262   554   0.55   1.18   1.17   1.13   5.00   11.33    48    
334   402   306   550   0.55   5.63   7.47   5.92  10.79  126.70   819    
335   228   261   654   0.55   -NaN   0.00   0.56   4.86    2.94    12    
336   413   252   378   0.55   -NaN   0.00   0.56   5.51    3.28    14    
337    78   293   658   0.55   4.15   7.37   5.32   7.64  137.07   755    
338   349   284   548   0.55   -NaN   0.00   0.56   4.22    2.56    10    
339   463   366   589   0.55   -NaN   -NaN   0.56   5.55    3.32    14    
340   422   301   553   0.54   2.08   2.09   1.49   6.37   21.57    96    
341   204   314   682   0.54   6.48   2.78   4.48  16.00  265.57  1217    
342     3   268   639   0.54   0.00   0.00   0.56   2.50    1.50     6    
343   466   381   557   0.54   0.00   1.18   0.80   4.09    4.77    20    
344   329   370   554   0.54   1.15   1.73   1.26   4.29   12.05    51    
345   157   105   588   0.54   0.00   0.00   0.56   4.77    2.81    12    
346    90   399   420   0.54   -NaN   0.00   0.56   3.41    2.05     8    
347   105   483   579   0.54   -NaN   0.00   0.56   5.15    3.00    13    
348   151   317   563   0.54   4.24   3.52   3.14  10.83  135.64   696    
349   153   412   688   0.54   -NaN   1.87   0.98   7.80   12.59    56    
350   212    93   679   0.54   2.43   2.38   1.95   4.75   27.12   131    
351   390   301   554   0.54   7.45   8.24   6.89  15.62  250.35  1277    
352   284   193   587   0.54   1.13   1.09   0.98   3.51    5.30    26    
353   298   266   657   0.54   2.40   4.38   3.34   4.67   31.80   178    
354    53   348   589   0.54   1.07   1.64   1.13   4.58    9.79    43    
355   245   225   535   0.53   1.72   2.75   1.95   3.05   13.92    63    
356   389   304   655   0.53   0.00   0.00   0.56   4.83    2.79    12    
357   357   344   649   0.53   1.18   2.68   1.60   5.35   14.10    66    
358    99   255   553   0.53   3.44   2.73   2.82   5.33   35.07   170    
359   443   306   689   0.53   2.11   2.27   1.38   6.26   15.77    75    
360   106   458   590   0.53   8.72   4.56   4.98   9.35  131.84   715    
361   305   383   656   0.53   3.53   2.63   2.46   5.78   34.16   165    
362   341   357   659   0.53   1.16   1.71   1.26   4.27   11.78    53    
363   180   332   484   0.53   2.24   1.70   2.11   3.97   13.91    69    
364    44   330   695   0.53   1.13   1.10   0.98   4.05    6.36    29    
365   269   244   555   0.53   1.67   1.75   1.26   2.96    7.15    34    
366   355   347   648   0.53   2.14   2.55   2.03   4.72   14.26    53    
367   199   215   529   0.53   2.15   2.02   1.38   4.26   11.68    57    
368   230   283   562   0.53   -NaN   -NaN   0.56   3.64    2.09     9    
369   343   370   656   0.53   -NaN   0.00   0.56   5.08    2.88    13    
370   125   329   561   0.53   0.00   1.89   0.98   3.76    5.94    27    
371   401   304   549   0.52   7.45   7.12   6.05   9.83  178.50   933    
372    66   288   623   0.52   1.59   1.73   1.38   4.48   13.84    65    
373    89   284   627   0.52   1.17   -NaN   0.80   3.81    4.13    19    
374   126   375   693   0.52   0.00   0.00   0.56   2.56    1.49     6    
375   347   285   547   0.52   0.00   1.13   0.80   3.31    3.40    14    
376   355   344   649   0.52   0.00   1.68   1.13   4.99    5.56    25    
377   335   354   655   0.52   0.00   -NaN   0.56   5.31    3.02    13    
378   514   362   513   0.52   0.00   -NaN   0.56   2.82    1.61     7    
379   151   414   686   0.52   1.13   -NaN   0.80   5.08    4.96    21    
380    77   346   410   0.52   1.91   1.78   1.26   4.19   11.38    50    
381   370   291   587   0.52   0.00   1.17   0.80   4.48    4.86    21    
382   407   274   550   0.52   9.46   5.63   6.51   7.60  233.66  1111    
383   388   315   521   0.52   -NaN   0.00   0.56   6.14    3.51    15    
384   326   360   694   0.52   0.00   0.00   0.56   6.63    3.78    16    
385   360   347   647   0.52   1.17   1.17   0.80   5.69    5.93    27    
386   309   359   656   0.52   0.00   0.00   0.56   4.54    2.58    11    
387   266   244   555   0.52   1.78   1.65   1.38   2.94    9.09    42    
388   143   416   555   0.52   1.17   3.30   1.60   6.68   16.58    80    
389   250   216   676   0.52   3.19   2.42   2.33   4.69   38.70   190    
390   144   338   652   0.52   3.05   4.75   3.24   6.14   58.16   303    
391   288   321   322   0.52   1.12   2.55   1.38   6.15   16.81    87    
392   413   284   538   0.52   1.70   2.91   1.26   5.04   10.94    49    
393   138   141   326   0.52   7.47   4.33   4.98  11.06  317.13  1881    
394   413   287   551   0.52   4.87   7.79   5.29  15.13  200.80   663    
395   361   328   546   0.52   8.78   4.78   5.05   6.89  175.27   851    
396   225   259   556   0.51   1.88   1.03   1.13   6.08   12.42    58    
397   343   297   544   0.51   5.29  14.19   6.23  13.92  359.40  1864    
398   180   334   485   0.51   2.76   2.03   2.11   4.09   19.60    90    
399   285   223   541   0.51   2.86   1.38   1.49   4.58   15.25    73    
400   403   333   555   0.51   -NaN   0.00   0.56   5.28    2.95    13    
401    41   327   506   0.51   1.11   1.97   0.98   6.84   10.26    48    
402   120   374   688   0.51   0.00   0.00   0.56   9.88    5.53    24    
403   413   281   539   0.51   0.00   -NaN   0.56   4.68    2.62    12    
404   452   294   652   0.51   0.00   0.00   0.56   4.04    2.25    10    
405   454   271   550   0.51   -NaN   -NaN   0.56   3.20    1.87     8    
406   169   147   618   0.51   0.00   0.00   0.56   3.06    1.76     8    
407   234   122   593   0.51   7.88   9.27   6.91  10.58  285.04  1579    
408   385   354   643   0.51   0.00   0.00   0.56   3.93    2.23    10    
409   346   307   542   0.51   1.87   1.93   1.26   8.62   22.68   103    
410   139   339   584   0.51   0.00   0.00   0.56   2.51    1.52     6    
411   256   259   659   0.51   1.02   1.66   1.13   4.33    9.09    43    
412   448   285   546   0.51   -NaN   0.00   0.56   7.40    4.07    18    
413   227   211   535   0.51   1.99   1.92   1.49   4.58   16.10    75    
414   376   370   661   0.51   0.00   0.00   0.56   4.78    2.63    12    
415   269   292   659   0.51   2.51   2.62   2.11   7.49   52.69   244    
416   366   269   560   0.51  12.00  11.66  10.20   6.57  115.52  1660    
417    91   470   581   0.51   -NaN   -NaN   0.56   4.79    2.63    12    
418   318   354   655   0.51   0.00   -NaN   0.56   4.30    2.41    10    
419   444   303   727   0.50   -NaN   -NaN   0.56   4.23    2.36    10    
420    44   328   694   0.50   1.09   1.10   0.98   4.11    6.68    29    
421   192   344   652   0.50   -NaN   1.18   0.80   4.30    4.55    21    
422   310   364   694   0.50   1.18   -NaN   0.80   6.11    6.26    28    
423   143   309   640   0.50   -NaN   0.00   0.56   3.14    1.73     8    
424     6   306   514   0.50   1.17   -NaN   0.80   3.47    3.71    16    
425    91   354   406   0.50   0.00   -NaN   0.56   3.20    1.75     8    
426   144   332   581   0.50   1.14   2.30   1.26   5.68   14.51    67    
427   351   319   544   0.50   0.00   0.00   0.56   4.92    2.65    12    
428   393   302   555   0.50   0.00   0.00   0.56   6.50    3.52    16    
429   394   351   643   0.50   0.00   0.00   0.56   3.66    2.03     9    
430    30   439   565   0.50   0.00   0.00   0.56   3.92    2.12     9    
431    84   358   405   0.50   0.00   1.15   0.80   2.53    2.29    11    
432    87   440   667   0.49   0.00   1.17   0.80   4.55    4.78    21    
433   160   111   652   0.49   2.44   1.49   1.49   5.84   19.46    98    
434   393   373   658   0.49   0.00   -NaN   0.56   4.76    2.55    11    
435   351   385   625   0.49   -NaN   0.00   0.56   7.77    4.14    19    
436   233    47   521   0.49   -NaN   0.00   0.56   3.91    2.14    10    
437    91   468   581   0.49   0.00   -NaN   0.56   4.71    2.50    11    
438   438   302   687   0.49   0.00   0.00   0.56   3.75    2.04     9    
439   354   370   658   0.49   1.18   0.00   0.80   3.65    3.81    18    
440   177   356   565   0.49   4.08   2.73   2.59   8.38   71.29   365    
441    32   439   564   0.48   0.00   1.97   0.98   5.78    8.64    41    
442    99   282   653   0.48   -NaN   0.00   0.56   8.06    4.23    20    
443   163   103   652   0.48   1.18   1.18   0.80   5.45    5.43    26    
444   330   368   554   0.48   -NaN   -NaN   0.56   4.85    2.58    12    
445   114   381   561   0.48   1.17   0.00   0.80   4.11    4.15    19    
446   128   314   560   0.48   1.10   1.13   0.98   3.53    5.43    25    
447   288   381   658   0.48   -NaN   0.00   0.56   2.35    1.24     6    
448   231   234   380   0.48   0.00   0.00   0.56   6.50    3.39    16    
449    92   399   420   0.48   0.00   -NaN   0.56   2.42    1.32     6    
450    25   130   632   0.48   5.23   5.71   4.41   7.31  166.16   999    
451   370   310   548   0.48   1.18   -NaN   0.80   6.86    6.84    34    
452   351   384   664   0.47   -NaN   -NaN   0.56   4.65    2.41    11    
453   221   342   546   0.47   1.14   1.12   0.98   4.93    6.83    34    
454   102   420   564   0.47   0.00   0.00   0.56   2.90    1.49     7    
455   125   327   599   0.47   -NaN   -NaN   0.56   2.83    1.54     7    
456   155   348   648   0.47   -NaN   -NaN   0.56   5.95    3.11    14    
457   450   297   688   0.47   0.00   0.00   0.56   5.42    2.79    13    
458    70   296   721   0.47   -NaN   0.00   0.56   3.06    1.59     7    
459   226   117   589   0.47   -NaN   1.18   0.80   4.85    4.83    23    
460   281   234   542   0.47   1.09   1.10   0.98   3.72    5.37    26    
461   297   180   525   0.47   1.61   1.85   1.13   3.57    6.24    30    
462   245    71   592   0.47   -NaN   1.18   0.80   4.18    4.06    20    
463   282    94   591   0.46   -NaN   1.08   0.80   7.63    6.27    31    
464   214   230   545   0.46   2.63   2.45   2.03   4.46   27.02   133    
465   113   379   561   0.46   0.00   0.00   0.56   4.88    2.46    12    
466   219   330   686   0.46   2.05   3.84   2.19   6.45   42.95   224    
467   162   324   688   0.46   2.63   2.18   1.69   9.02   38.00   192    
468   167   318   697   0.46   1.18   1.86   1.13   9.08   16.46    83    
469   170   103   653   0.46   1.59   1.91   1.38   4.73   13.30    68    
470   156   109   589   0.46   -NaN   -NaN   0.56   4.27    2.16    10    
471   374   307   558   0.46   0.00   1.17   0.80   5.15    4.93    24    
472   148   416   554   0.46   0.00   -NaN   0.56   4.51    2.23    11    
473   139   318   559   0.45   0.00   -NaN   0.56   4.94    2.45    12    
474   344   302   543   0.45   0.00   0.00   0.56   8.86    4.38    22    
475   164   326   688   0.45   0.00   0.00   0.56   6.13    3.02    15    
476   350   397   624   0.45   0.00   0.00   0.56   5.25    2.64    12    
477   165   321   567   0.45   1.08   1.13   0.98   4.00    5.69    29    
478    16   299   513   0.45   0.94   -NaN   0.80   7.25    4.51    24    
479   221   229   525   0.45   1.80   1.76   1.49   5.37   16.46    85    
480   306   354   656   0.45   1.77   2.73   1.26   5.99   13.81    70    
481   267    61   532   0.45   1.06   1.06   0.80   5.56    4.29    21    
482   235   237   378   0.45   1.81   2.27   1.60  11.58   40.78   218    
483   362   317   547   0.45   -NaN   0.00   0.56   4.78    2.33    11    
484   180   132   664   0.45   0.00   -NaN   0.56   3.07    1.52     7    
485   351   317   545   0.44   -NaN   -NaN   0.56   7.31    3.54    17    
486   242   229   533   0.44   -NaN   0.00   0.56   4.70    2.28    11    
487   128   311   560   0.44   0.00   -NaN   0.56   2.88    1.38     7    
488   160   349   650   0.44   1.13   1.03   0.98   3.06    4.13    20    
489   165   319   697   0.44   1.17   -NaN   0.80  11.38    9.68    52    
490   395   346   642   0.44   -NaN   -NaN   0.56   3.39    1.68     8    
491   230   258   556   0.44   0.00   0.00   0.56   3.86    1.87     9    
492   126   311   559   0.44   -NaN   0.00   0.56   2.58    1.24     6    
493   295   400   333   0.44   0.00   0.00   0.56   7.12    3.40    17    
494   409   272   657   0.43   2.44   2.22   1.95   5.05   25.58   134    
495   293   399   334   0.43   -NaN   1.84   0.98   7.45    9.58    50    
496   313   276   545   0.43   0.00   0.00   0.56   3.34    1.60     8    
497   184   330   482   0.43   -NaN   -NaN   0.56   4.38    2.04    11    
498   193   331   547   0.43   -NaN   0.00   0.56   5.63    2.64    14    
499   409   317   558   0.43   0.00   -NaN   0.56   3.65    1.73     9    
500   195   327   549   0.43   -NaN   0.00   0.56   5.20    2.40    13    
501   418   305   554   0.43   -NaN   -NaN   0.56   2.63    1.32     6    
502   115   372   331   0.43   1.18   0.00   0.80   5.36    4.69    26    
503   352   331   546   0.43   0.00   0.00   0.56   8.08    3.76    20    
504   126   366   549   0.43   1.12   0.89   0.98   3.33    3.71    20    
505   398   335   570   0.43   0.00   0.00   0.56   5.08    2.40    12    
506   147   334   581   0.43   -NaN   -NaN   0.56   6.19    2.87    15    
507   425   278   541   0.42   1.12   1.10   0.98   4.62    6.34    33    
508   291   401   333   0.42   0.00   0.00   0.56   4.21    1.95    10    
509   236   232   380   0.42   -NaN   0.00   0.56   6.01    2.81    14    
510    23   313   511   0.42   -NaN   0.00   0.56   7.99    3.67    19    
511   235   134   585   0.42   0.00   0.00   0.56   5.42    2.49    13    
512     9   306   513   0.42   1.18   -NaN   0.80   5.15    4.61    25    
513   297   178   525   0.42   -NaN   -NaN   0.56   5.02    2.33    12    
514   175   104   654   0.42   1.18   -NaN   0.80   4.98    4.45    24    
515   244   229   656   0.42   -NaN   0.00   0.56   3.36    1.56     8    
516   435   265   543   0.42   1.14   1.83   0.98   5.99    6.72    38    
517   389   366   560   0.42   0.80   0.80   0.80   5.45    3.01    15    
518   192   334   546   0.41   1.16   1.18   1.13   3.19    5.23    28    
519   222   348   546   0.41   0.00   0.00   0.56   5.56    2.51    13    
520   219   344   547   0.41   0.00   0.00   0.56   6.34    2.83    15    
521   257   100   549   0.41   -NaN   0.00   0.56   5.37    2.39    13    
522   229   116   588   0.41   0.00   -NaN   0.56   8.85    3.94    21    
523   431   264   544   0.41   -NaN   0.00   0.56   2.83    1.26     7    
524   452   288   551   0.41   0.00   0.00   0.56  15.92    7.06    38    
525   281    71   597   0.41   0.00   0.00   0.56   4.49    2.00    11    
526   203   208   528   0.41   0.00   1.17   0.80   3.14    2.88    14    
527   355   279   549   0.41   0.00   -NaN   0.56  11.98    5.32    28    
528   181   254   639   0.40   -NaN   1.18   0.80   7.22    6.21    34    
529   246   291   552   0.40   -NaN   0.00   0.56   3.66    1.70     8    
530    25   311   511   0.40   0.00   -NaN   0.56   7.69    3.34    18    
531   347   266   548   0.40   1.08   1.15   0.98   4.24    5.24    29    
532   165   133   666   0.40   -NaN   0.00   0.56   4.27    1.90    10    
533    71   318   453   0.40   0.00   0.00   0.56   2.53    1.14     6    
534   249   236   652   0.39   -NaN   0.00   0.56   5.74    2.48    13    
535   344   276   545   0.39   0.00   -NaN   0.56   6.06    2.62    14    
536   233   134   584   0.39   0.00   0.00   0.56   3.97    1.71     9    
537   208   212   529   0.39   1.16   0.00   0.80   3.54    2.66    16    
538   114   122   645   0.39   3.05   3.16   2.26   5.56   32.16   200    
539   226   121   589   0.39   0.00   -NaN   0.56   5.86    2.51    14    
540   179    96   596   0.39   -NaN   0.00   0.56   5.17    2.19    12    
541   135    80   594   0.39   3.07   4.71   2.33   4.56   24.16   160    
542   210   350   650   0.39   -NaN   0.00   0.56   5.15    2.21    12    
543   148    90   617   0.38   3.88   3.57   2.93   5.60   51.35   338    
544   239   244   597   0.38   1.18   0.00   0.80   1.15    1.08     6    
545   182   329   483   0.38   0.00   0.00   0.56   6.25    2.60    15    
546   234   341   538   0.38   0.00   -NaN   0.56   3.58    1.57     8    
547   103   249   554   0.38   0.00   0.00   0.56   5.31    2.22    12    
548   126   364   550   0.38   1.18   0.00   0.80   6.88    5.29    31    
549   207   348   650   0.37   0.00   0.00   0.56   4.47    1.81    11    
550   147   332   581   0.37   -NaN   0.00   0.56   6.78    2.76    16    
551   200   216   627   0.37   0.00   0.86   0.80   3.79    2.04    12    
552   153   251   674   0.37   0.00   0.00   0.56   3.42    1.38     8    
553   223   163   492   0.36   0.00   -NaN   0.56   5.03    1.96    12    
554   101    49   664   0.36   3.64   2.01   1.60  10.78   27.09   173    
555   227   372   640   0.36   1.76   1.93   1.49   7.51   18.32   121    
556   224   166   494   0.35   -NaN   0.00   0.56   4.95    1.93    12    
557   245   368   683   0.35   1.17   -NaN   0.80   2.16    1.65     9    
558     0   274   635   0.34   0.92   2.75   1.26   7.04   12.58    81
559   382   266   522   0.34   -NaN   0.00   0.56   3.16    1.24     8    
560   119    94   584   0.34   0.00   0.00   0.56   2.78    1.04     7    
561    56   102   638   0.34   1.18   1.90   1.38   4.95    9.75    69    
562   147    44   624   0.33   0.00   1.81   0.98   1.64    1.65    11    
563   117    95   584   0.33   -NaN   0.00   0.56   3.13    1.14     7    
564   144    78   593   0.32   1.17   1.17   0.80   5.32    3.56    24    
565     0   279   373   0.32   0.00   1.90   0.98   6.06    6.01    41
566   112    88   587   0.32   1.87   1.87   0.98   5.99    5.97    40    
567   113   120   642   0.32   0.00   -NaN   0.56   5.76    2.00    13    
568   101    52   662   0.31   -NaN   -NaN   0.56  12.51    4.30    29    
569   146   164   629   0.31   3.22   2.24   2.19   5.64   24.13   189    
570    84   103   595   0.30   0.00   0.00   0.56   7.09    2.32    16    
571   153    79   594   0.30   0.00   0.00   0.56   9.95    3.23    23    
572    59   105   637   0.29   -NaN   -NaN   0.56   5.20    1.67    12    
573    82   113   630   0.29   1.16   -NaN   0.80   8.20    4.87    36    
574    88   110   598   0.29   -NaN   -NaN   0.56   8.23    2.60    19    
575    84   106   636   0.29   -NaN   0.00   0.56   2.77    0.92     6    
576   107    67   636   0.29   1.17   0.00   0.80   4.06    2.43    18    
577   107    62   660   0.29   -NaN   0.00   0.56   3.90    1.25     9    
578    60   111   629   0.28   0.00   0.00   0.56   8.21    2.48    19    
579   208   319   476   0.28   -NaN   0.00   0.56   9.26    2.81    21    
580   110   118   644   0.27   0.00   -NaN   0.56   6.64    1.99    15    
581   137   143   366   0.25   0.00   0.00   0.56   4.75    1.33    11