Seq	Clump	VLSR	DV	e_DV	taumain	e_taumain	Tex	e_Tex	Trot	e_Trot	Tkin	e_Tkin	Bff	logN(NH3)	<logN(NH3)>	log(N(NH3)/N(H2))	<log(N(NH3)/N(H2))>	Notes	Simbad
1	G010.283-00.118	 14.2	 2.4	 2.5	 4.0	 3.4	 7.0	 4.4	17.0	17.1	18.8	18.9	 0.26	15.35	15.10	-7.50	-7.52	 	Simbad
1	G010.288-00.166	 12.2	 1.8	 1.9	 3.9	 2.9	 4.8	 4.1	15.7	16.3	17.1	17.9	 0.25	15.05	14.96	-7.45	-7.35	 	Simbad
1	G010.296-00.148	 13.6	 4.2	 3.8	 1.3	 1.6	 7.6	 4.8	21.2	19.9	24.6	22.8	 0.24	15.22	15.09	-7.71	-7.51	 	Simbad
2	G010.300-00.271	 29.1	 4.8	 3.5	 2.3	 1.8	 3.9	 4.0	15.7	15.5	17.1	16.8	 0.26	15.18	14.90	-7.35	-7.32	2	Simbad
2	G010.322-00.229	 32.8	 1.9	 2.0	 3.8	 3.3	 3.9	 3.6	14.9	14.8	16.1	15.9	 0.24	14.98	14.90	-7.46	-7.33	 	Simbad
2	G010.322-00.257	 32.8	 2.8	 2.5	 2.8	 2.3	 4.3	 3.9	16.7	16.1	18.4	17.7	 0.24	15.08	14.88	-7.66	-7.40	 	Simbad
1	G010.323-00.165	 12.6	 1.7	 1.8	 3.2	 2.8	 6.2	 4.8	18.3	18.0	20.6	20.1	 0.27	15.08	14.95	-7.73	-7.67	 	Simbad
1	G010.346-00.148	 12.2	 1.8	 2.0	 3.2	 2.7	 6.8	 5.3	18.1	18.9	20.2	21.3	 0.28	15.13	15.01	-7.50	-7.64	 	Simbad
3	G010.440+00.003	 67.3	 3.7	 3.7	 1.9	 1.9	 3.6	 3.6	14.9	15.0	16.1	16.2	 0.24	14.94	14.90	-7.53	-7.54	 	Simbad
3	G010.474+00.028	 67.2	 5.8	 4.1	 5.6	 3.6	 5.5	 4.0	21.5	18.2	25.1	20.4	 0.22	15.84	15.32	-7.75	-7.25	2	Simbad
4	G010.625-00.339	 -4.3	 2.3	 2.3	 5.9	 4.4	 7.2	 5.4	16.5	16.5	18.1	18.1	 0.33	15.51	15.27	-7.26	-7.21	 	Simbad
4	G010.625-00.375	 -2.0	 3.7	 3.6	 0.4	 0.4	23.7	15.1	20.5	20.5	23.7	23.6	 0.74	15.06	14.99	-7.47	-7.38	2	Simbad
4	G010.630-00.389	 -3.1	 4.5	 2.2	 0.3	 1.0	26.0	 9.4	22.0	19.7	25.8	22.4	 0.48	15.04	14.95	-7.35	-7.44	2	Simbad
5	G010.990-00.083	 29.9	 1.7	 1.5	 7.6	 6.0	 5.4	 4.1	11.7	11.8	12.2	12.3	 0.35	15.33	15.05	-7.30	-7.18	2	Simbad
6	G011.072-00.384	 -0.1	 1.5	 1.5	 5.5	 4.7	 4.0	 3.6	15.2	15.1	16.5	16.4	 0.24	15.04	14.96	-7.58	-7.50	 	Simbad
6	G011.108-00.394	  0.6	 2.5	 2.4	 3.7	 3.4	 4.3	 3.8	16.0	14.3	17.4	15.3	 0.27	15.14	15.03	-7.74	-7.53	 	Simbad
6	G011.118-00.409	 -0.9	 1.7	 1.7	 4.6	 3.9	 4.4	 3.8	14.5	14.4	15.6	15.4	 0.27	15.06	14.99	-7.68	-7.58	 	Simbad
7	G011.501-01.482	 10.7	 1.6	 1.5	 1.6	 1.5	 5.2	 4.4	17.0	16.2	18.8	17.7	 0.27	14.66	14.53	-8.22	-8.06	1	Simbad
7	G011.508-01.511	 22.0	 0.9	 0.9	 3.7	 3.1	 4.5	 4.1	12.3	12.3	13.0	12.9	 0.34	14.65	14.57	-7.67	-7.61	 	Simbad
8	G011.902-00.104	 38.1	 2.2	 2.3	 3.6	 3.4	 3.5	 3.4	15.2	15.2	16.4	16.5	 0.22	15.00	14.97	-7.36	-7.25	 	Simbad
8	G011.904-00.142	 38.5	 3.6	 3.2	 4.9	 3.9	 4.2	 3.5	15.4	14.5	16.7	15.6	 0.24	15.41	15.15	-7.50	-7.32	2	Simbad
9	G011.918-00.616	 36.3	 1.9	 1.3	 5.6	 4.1	 7.3	 4.7	16.3	13.9	17.9	14.9	 0.33	15.41	14.92	-7.43	-7.27	 	Simbad
8	G011.937-00.152	 42.9	 3.2	 3.2	 3.0	 2.6	 4.0	 3.8	16.2	15.9	17.7	17.3	 0.24	15.14	15.01	-7.45	-7.37	 	Simbad
10	G012.408-01.128	 38.1	 2.4	 2.4	 2.8	 2.4	 3.4	 3.4	15.1	15.1	16.3	16.3	 0.22	14.89	14.82	-7.47	-7.32	 	Simbad
10	G012.430-01.111	 40.1	 1.9	 1.8	 2.6	 2.6	 3.6	 3.4	17.3	16.0	19.2	17.5	 0.21	14.82	14.73	-8.20	-7.92	 	Simbad
11	G012.887+00.492	 33.6	 3.4	 2.4	 4.9	 3.7	 5.5	 4.1	18.1	15.8	20.3	17.2	 0.26	15.50	15.06	-7.62	-7.42	2	Simbad
11	G012.915+00.494	 33.5	 1.4	 1.6	 3.2	 2.6	 4.7	 4.2	16.7	16.6	18.3	18.3	 0.25	14.87	14.78	-7.59	-7.48	2	Simbad
11	G012.917+00.449	 33.1	 1.4	 1.3	 2.7	 3.0	 4.4	 4.0	12.6	13.1	13.3	13.9	 0.30	14.74	14.71	-7.64	-7.60	 	Simbad
12	G013.185-00.106	 53.9	 2.0	 1.7	 5.0	 5.0	 4.3	 3.9	15.5	14.6	16.8	15.7	 0.27	15.16	15.10	-7.42	-7.34	2	Simbad
12	G013.202-00.137	 51.8	 1.7	 1.8	 6.6	 5.4	 5.6	 4.3	16.0	16.1	17.5	17.6	 0.27	15.32	15.17	-7.45	-7.44	 	Simbad
13	G013.332-00.039	 55.1	 1.5	 1.3	 4.8	 3.8	 5.6	 4.1	14.4	13.7	15.5	14.6	 0.30	15.12	14.81	-7.37	-7.23	1	Simbad
13	G013.358-00.028	 55.6	 0.5	 0.5	 6.5	 6.3	 3.9	 3.8	11.7	11.5	12.2	12.0	 0.33	14.64	14.61	-7.35	-7.35	 	Simbad
14	G013.661-00.595	 47.9	 2.2	 1.8	 6.4	 4.4	 5.2	 3.8	16.8	15.9	18.5	17.3	 0.24	15.40	15.04	-7.24	-7.25	 	Simbad
15	G013.873+00.280	 49.1	 2.7	 2.4	 1.3	 0.8	 4.3	 4.6	20.5	20.7	23.6	23.9	 0.22	14.75	14.56	-8.32	-8.15	 	Simbad
16	G014.328-00.646	 22.9	 2.8	 2.0	 3.0	 2.4	 8.4	 5.2	18.4	15.0	20.7	16.2	 0.35	15.40	14.84	-7.70	-7.30	2	Simbad
17	G014.428-00.697	 17.8	 1.5	 1.7	 1.1	 1.2	 5.9	 4.6	17.4	16.7	19.4	18.4	 0.27	14.53	14.47	-7.88	-7.95	 	Simbad
18	G014.608+00.014	 25.6	 3.5	 3.1	 4.0	 3.6	 4.5	 3.6	17.8	16.9	19.9	18.6	 0.21	15.36	15.07	-7.43	-7.31	2	Simbad
18	G014.625+00.001	 26.1	 0.8	 0.9	 4.3	 4.3	 4.0	 3.8	12.2	12.3	12.8	12.9	 0.31	14.67	14.66	     	     	 	Simbad
19	G016.714+01.312	 20.9	 1.0	 1.0	 1.8	 1.8	 5.6	 4.8	14.1	14.2	15.1	15.2	 0.34	14.51	14.45	-7.78	-7.70	 	Simbad
20	G016.804+00.812	 20.1	 0.6	 0.7	 3.1	 3.2	 4.9	 4.2	12.3	12.2	12.9	12.8	 0.34	14.46	14.46	-7.52	-7.32	 	Simbad
21	G016.924+00.955	 21.1	 1.8	 1.4	 3.0	 2.6	 7.2	 5.0	16.2	13.8	17.7	14.7	 0.36	15.10	14.77	-7.73	-7.58	1	Simbad
22	G017.444+00.808	 21.6	 1.4	 1.5	 2.4	 2.4	 3.8	 3.5	16.3	16.4	17.9	18.1	 0.22	14.68	14.65	-7.82	-7.77	 	Simbad
23	G017.632+00.157	 22.5	 1.9	 1.7	 1.9	 1.8	 6.3	 4.9	18.3	18.2	20.6	20.4	 0.27	14.90	14.71	-7.86	-7.80	 	Simbad
23	G017.652+00.174	 23.1	 1.0	 1.1	 3.5	 3.2	 4.7	 4.0	14.2	13.8	15.2	14.7	 0.29	14.75	14.68	-7.66	-7.57	 	Simbad
24	G018.301-00.385	 33.2	 1.8	 1.8	 2.7	 2.4	 6.2	 4.3	18.4	17.9	20.6	19.9	 0.24	15.03	14.85	-7.76	-7.71	 	Simbad
25	G018.459-00.002	 52.9	 3.2	 2.7	 3.8	 3.8	 4.1	 3.5	17.5	15.6	19.5	17.0	 0.23	15.27	15.12	-7.66	-7.43	1	Simbad
26	G018.566-00.090	 46.2	 1.2	 1.3	 4.3	 4.3	 4.2	 3.8	13.6	13.1	14.5	13.9	 0.29	14.87	14.84	-7.17	-6.99	 	Simbad
26	G018.606-00.075	 46.2	 2.0	 2.0	 4.8	 3.8	 5.2	 4.0	15.0	13.7	16.2	14.6	 0.29	15.21	15.00	-7.33	-7.12	2	Simbad
26	G018.649-00.061	 45.5	 1.4	 1.4	 5.3	 4.6	 4.7	 4.2	16.0	15.1	17.5	16.3	 0.28	15.08	14.89	-7.58	-7.47	 	Simbad
27	G018.662+00.032	 81.0	 2.7	 2.3	 4.1	 3.9	 4.1	 3.5	16.2	15.4	17.8	16.8	 0.23	15.21	15.04	-7.49	-7.23	1	Simbad
28	G018.828-00.483	 65.9	 1.8	 2.1	 5.4	 3.3	 7.8	 5.0	15.4	15.5	16.7	16.8	 0.32	15.39	15.04	     	     	 	Simbad
28	G018.887-00.476	 66.6	 2.9	 2.7	 4.5	 4.0	 5.1	 3.9	18.5	17.9	20.8	20.0	 0.22	15.39	15.15	-7.52	-7.45	1	Simbad
29	G019.080-00.290	 66.3	 2.1	 2.0	 4.7	 4.1	 4.3	 3.6	17.7	17.2	19.7	19.0	 0.21	15.18	15.06	-7.77	-7.58	1	Simbad
30	G019.727-00.111	 60.5	 1.7	 1.8	 2.4	 2.4	 3.7	 3.6	15.6	15.7	16.9	17.0	 0.23	14.72	14.73	-7.76	-7.70	 	Simbad
30	G019.769-00.115	 60.1	 1.4	 1.3	 5.0	 5.0	 3.5	 3.3	11.9	12.1	12.4	12.7	 0.27	14.89	14.85	-7.42	-7.41	 	Simbad
31	G019.886-00.536	 43.8	 2.2	 2.1	 2.3	 1.7	 4.8	 4.3	17.4	16.9	19.3	18.6	 0.25	14.94	14.74	-8.09	-7.95	1	Simbad
32	G019.925-00.258	 65.3	 2.7	 2.3	 6.9	 5.5	 4.1	 3.6	13.9	13.2	14.8	14.0	 0.27	15.40	15.17	-7.52	-7.37	2	Simbad
33	G020.730-00.059	 56.6	 3.4	 3.3	 3.0	 2.5	 4.0	 3.7	17.5	17.7	19.5	19.7	 0.21	15.18	15.07	-7.67	-7.50	1	Simbad
33	G020.749-00.092	 59.3	 2.8	 3.0	 3.0	 2.9	 4.3	 3.6	18.3	18.3	20.6	20.6	 0.20	15.13	15.06	-7.65	-7.48	 	Simbad
33	G020.782-00.049	 60.0	 2.2	 2.6	 2.4	 2.1	 4.3	 3.8	15.6	15.8	17.0	17.2	 0.24	14.89	14.85	-7.57	-7.52	 	Simbad
34	G021.375-00.222	 90.9	 2.1	 2.1	 3.3	 3.1	 4.3	 3.7	15.0	14.5	16.2	15.6	 0.25	15.00	14.91	-7.36	-7.24	1	Simbad
34	G021.387-00.251	 91.8	 2.2	 1.9	 4.3	 3.9	 4.9	 3.8	16.5	15.2	18.1	16.5	 0.25	15.20	14.93	-7.42	-7.28	1	Simbad
35	G022.352+00.068	 84.9	 1.7	 1.8	 4.8	 3.9	 5.3	 4.0	15.3	15.5	16.6	16.8	 0.26	15.16	14.97	-7.51	-7.36	 	Simbad
36	G022.397+00.340	 84.8	 1.3	 1.3	 2.9	 2.7	 4.3	 3.9	12.5	12.8	13.1	13.5	 0.31	14.72	14.68	-7.51	-7.47	 	Simbad
36	G022.399+00.300	 84.5	 1.0	 1.0	 3.9	 3.3	 4.8	 4.2	13.6	14.0	14.5	15.0	 0.30	14.77	14.68	-7.54	-7.56	 	Simbad
36	G022.412+00.316	 84.4	 1.4	 1.3	 5.2	 3.3	 5.6	 4.4	13.3	13.4	14.1	14.2	 0.33	15.11	14.77	-7.45	-7.45	1	Simbad
37	G023.693+00.157	113.8	 2.3	 2.2	 3.5	 2.9	 3.9	 3.7	15.3	15.2	16.6	16.4	 0.24	15.03	14.91	-7.42	-7.39	2	Simbad
37	G023.712+00.170	113.3	 3.3	 3.2	 1.8	 2.2	 4.3	 3.6	20.1	18.0	23.1	20.2	 0.20	14.99	14.98	-7.81	-7.56	1	Simbad
37	G023.727+00.183	111.4	 1.4	 1.4	 5.6	 5.4	 3.9	 3.5	13.2	13.3	14.0	14.1	 0.27	14.99	14.96	-7.36	-7.37	 	Simbad
38	G024.143+00.129	114.7	 1.3	 1.4	 5.0	 3.6	 4.3	 3.8	13.0	13.1	13.7	13.8	 0.29	14.94	14.80	-7.42	-7.19	 	Simbad
38	G024.161+00.085	 52.0	 1.2	 1.1	 4.6	 4.6	 4.2	 3.9	11.7	11.9	12.2	12.4	 0.33	14.86	14.84	-7.38	-7.33	 	Simbad
38	G024.183+00.122	114.0	 1.7	 1.8	 6.0	 5.3	 5.0	 3.8	15.4	15.0	16.6	16.2	 0.25	15.24	15.07	-7.27	-7.06	 	Simbad
39	G025.636+01.066	 43.2	 1.6	 1.4	 3.5	 3.3	 6.4	 5.1	13.9	12.6	14.9	13.2	 0.41	15.05	14.80	-7.38	-7.28	1	Simbad
39	G025.651+01.051	 43.1	 3.0	 2.0	 2.2	 2.4	 7.1	 4.8	17.9	14.9	20.0	16.1	 0.32	15.21	14.83	-7.81	-7.39	2	Simbad
40	G025.711+00.045	 99.0	 2.2	 2.2	 4.4	 4.5	 3.7	 3.4	16.7	16.8	18.4	18.5	 0.20	15.11	15.07	-7.63	-7.49	 	Simbad
41	G025.826-00.178	 94.2	 2.9	 2.6	 3.9	 3.7	 4.3	 3.6	17.3	16.8	19.2	18.5	 0.21	15.23	15.09	-7.96	-7.67	 	Simbad
42	G027.259+00.139	 33.3	 2.4	 2.5	 4.1	 3.2	 4.1	 3.8	14.6	14.9	15.7	16.1	 0.26	15.13	15.03	-7.21	-7.24	 	Simbad
42	G027.292+00.152	 31.4	 2.7	 2.6	 3.3	 3.4	 4.6	 3.9	16.2	16.0	17.7	17.5	 0.24	15.15	15.07	-7.37	-7.32	 	Simbad
43	G028.196-00.074	 98.7	 1.8	 1.8	 4.1	 3.5	 4.0	 3.6	13.3	13.2	14.1	14.0	 0.27	14.98	14.92	-7.64	-7.56	 	Simbad
43	G028.203-00.049	 96.2	 2.9	 2.5	 3.3	 3.4	 5.7	 3.9	18.5	16.3	20.7	17.8	 0.24	15.28	15.02	-7.80	-7.50	 	Simbad
44	G028.285-00.355	 49.5	 1.6	 1.6	 8.0	 5.9	 5.9	 4.1	14.8	14.2	15.9	15.3	 0.29	15.37	15.11	-7.26	-7.24	 	Simbad
44	G028.315-00.397	 85.5	 1.7	 2.0	 3.5	 2.3	 4.4	 4.1	16.0	16.8	17.4	18.5	 0.24	14.95	14.82	-7.48	-7.56	 	Simbad
45	G028.337+00.115	 81.4	 2.0	 1.8	 4.5	 3.9	 4.5	 3.8	15.5	14.6	16.9	15.7	 0.26	15.14	14.96	-7.45	-7.32	 	Simbad
46	G029.598-00.616	 77.2	 1.6	 1.8	 5.3	 4.3	 6.9	 4.3	14.6	14.1	15.7	15.1	 0.30	15.26	15.03	-7.12	-7.07	1	Simbad
46	G029.606-00.583	 76.2	 2.8	 2.5	 2.2	 2.2	 4.2	 4.0	14.7	14.4	15.8	15.4	 0.28	14.92	14.87	-7.15	-7.04	1	Simbad
47	G030.857+00.040	 74.7	 1.2	 1.2	 4.5	 4.1	 3.6	 3.5	13.5	13.6	14.4	14.4	 0.26	14.81	14.77	-7.45	-7.51	 	Simbad
47	G030.876+00.061	 75.5	 1.6	 1.7	 4.5	 3.8	 4.4	 3.7	15.0	14.7	16.1	15.9	 0.25	15.04	14.88	-7.53	-7.43	 	Simbad
48	G031.281+00.060	109.4	 4.0	 3.0	 2.9	 2.7	 5.2	 4.2	19.0	15.3	21.5	16.6	 0.27	15.34	15.02	-7.68	-7.56	1	Simbad
48	G031.288+00.083	103.4	 1.3	 1.3	 5.7	 4.7	 4.2	 3.9	13.0	12.8	13.8	13.5	 0.31	14.99	14.88	-7.42	-7.45	 	Simbad
49	G031.413+00.306	 97.4	 4.2	 2.3	 7.7	 3.6	 4.3	 3.9	17.2	14.3	19.0	15.3	 0.27	15.69	14.96	-7.92	-7.50	2	Simbad
50	G032.038+00.057	 95.2	 2.9	 3.0	 3.9	 3.5	 7.9	 4.7	16.8	15.6	18.6	17.0	 0.30	15.47	15.23	-7.28	-7.24	2	Simbad
51	G033.390+00.002	 75.1	 3.2	 2.4	 5.0	 3.3	 3.8	 3.6	14.1	14.6	15.1	15.8	 0.24	15.31	15.00	-7.44	-7.42	2	Simbad
52	G033.918+00.107	108.0	 2.4	 2.4	 3.1	 2.8	 6.5	 3.9	17.9	16.3	20.0	17.8	 0.24	15.23	14.95	-7.67	-7.48	1	Simbad
53	G034.411+00.233	 58.2	 2.5	 2.1	 3.9	 3.3	 8.2	 4.6	17.9	14.6	19.9	15.7	 0.31	15.42	14.97	-7.65	-7.44	 	Simbad
54	G035.199-00.742	 34.2	 2.9	 2.5	 2.4	 2.1	 8.0	 5.1	19.1	15.8	21.7	17.2	 0.32	15.30	14.88	-7.84	-7.57	 	Simbad
54	G035.222-00.765	 36.2	 1.1	 1.1	 4.0	 3.3	 4.8	 4.2	11.8	12.1	12.4	12.7	 0.35	14.80	14.71	-7.63	-7.48	 	Simbad
55	G035.463+00.144	 76.9	 2.2	 1.6	 4.0	 2.8	 5.3	 4.3	15.4	14.6	16.7	15.7	 0.30	15.18	14.79	-7.60	-7.43	2	Simbad
56	G037.555+00.201	 85.4	 2.1	 1.7	 4.7	 4.1	 4.9	 3.7	16.2	14.0	17.7	15.0	 0.26	15.21	14.98	-7.67	-7.35	 	Simbad
57	G043.158-00.518	 57.2	 2.0	 2.1	 2.3	 1.9	 4.1	 3.9	15.2	15.7	16.4	17.0	 0.25	14.82	14.70	-7.52	-7.45	1	Simbad
57	G043.178-00.518	 58.4	 2.8	 2.7	 2.2	 1.9	 5.1	 4.1	18.1	17.5	20.3	19.5	 0.23	15.05	14.85	-7.85	-7.65	 	Simbad
58	G043.306-00.211	 60.0	 1.8	 1.6	 4.4	 3.3	 5.2	 3.9	17.0	15.8	18.8	17.3	 0.25	15.15	14.84	-7.63	-7.22	 	Simbad
59	G045.467+00.046	 62.4	 3.6	 3.6	 2.3	 1.8	 5.3	 3.8	18.7	17.2	21.1	19.1	 0.22	15.20	14.94	-7.77	-7.63	 	Simbad
60	G048.949-00.284	 71.4	 2.5	 2.6	 1.4	 1.5	 4.1	 3.9	17.1	17.1	18.9	18.9	 0.23	14.71	14.69	-7.97	-8.00	 	Simbad
60	G048.989-00.301	 68.2	 2.9	 2.9	 2.4	 1.8	 6.2	 4.4	19.6	18.1	22.3	20.3	 0.24	15.20	14.90	-7.77	-7.78	 	Simbad
61	G052.197+00.722	  1.1	 2.6	 2.6	 1.2	 1.2	 3.8	 3.8	17.5	17.5	19.5	19.5	 0.22	14.65	14.63	-7.76	-7.81	 	Simbad
61	G052.205+00.689	  4.5	 3.3	 3.3	 1.9	 2.0	 3.7	 3.5	17.0	17.0	18.8	18.8	 0.21	14.92	14.92	-7.60	-7.47	 	Simbad
61	G052.234+00.754	  4.4	 2.9	 2.8	 1.3	 1.2	 4.7	 4.3	16.7	16.7	18.4	18.4	 0.26	14.79	14.69	-7.56	-7.48	 	Simbad
62	G053.584+00.076	 26.0	 0.9	 1.1	 1.4	 1.6	 5.4	 4.4	14.2	14.7	15.3	15.8	 0.30	14.36	14.43	-7.89	-7.71	 	Simbad
62	G053.614+00.035	 23.4	 1.2	 1.4	 2.8	 2.7	 4.2	 3.8	15.0	15.4	16.2	16.7	 0.25	14.69	14.67	-7.86	-7.70	 	Simbad
63	G058.475+00.435	 36.8	 2.2	 2.6	 2.0	 1.6	 5.5	 4.4	16.7	16.3	18.3	17.8	 0.27	14.93	14.77	-7.53	-7.38	1	Simbad
63	G058.492+00.440	 35.3	 4.2	 4.6	 2.3	 1.7	 3.8	 3.6	14.3	14.0	15.4	15.0	 0.26	15.09	14.96	-7.00	-6.73	2	Simbad
64	G059.787+00.067	 22.9	 1.4	 1.4	 1.8	 1.5	 8.2	 5.6	17.2	15.3	19.0	16.6	 0.37	14.87	14.56	-7.85	-7.66	1	Simbad
65	G075.751+00.342	 -0.9	 3.9	 2.8	 1.3	 0.8	 6.3	 5.6	19.4	18.3	22.0	20.6	 0.31	15.06	14.59	     	     	1	Simbad
65	G075.791+00.335	  0.6	 2.4	 2.2	 1.5	 1.2	 6.5	 4.9	19.0	17.3	21.6	19.2	 0.28	14.91	14.66	     	     	1	Simbad
66	G078.982+00.348	  6.5	 1.6	 1.6	 2.9	 1.7	 7.0	 5.1	15.9	15.6	17.4	16.9	 0.33	15.04	14.66	     	     	1	Simbad

